1589 1589 1365 1365 1 129 129 257 257 257 129 129 1 1365 1365 1589 
1589 1589 1365 1365 1 129 129 257 257 257 129 129 1 1365 1365 1589 
1589 1589 1365 1365 1 129 129 257 257 257 129 129 1 1365 1365 1589 
1589 1589 1365 1365 1 129 129 257 257 257 129 129 1 1365 1365 1589 
1589 1589 1365 1365 1 129 129 257 257 257 129 129 1 1365 1365 1589 
1589 1589 1365 1365 1 129 129 257 257 257 129 129 1 1365 1365 1589 
1589 1589 1365 1365 1 129 129 257 257 257 129 129 1 1365 1365 1589 
1589 1589 1365 1365 1 129 129 257 257 257 129 129 1 1365 1365 1589 
1589 1589 1365 1365 1 129 129 257 257 257 129 129 1 1365 1365 1589 
1589 1589 1365 1365 1 129 129 257 257 257 129 129 1 1365 1365 1589 
1589 1589 1365 1365 1 129 129 257 257 257 129 129 1 1365 1365 1589 
1589 1589 1365 1365 1 129 129 257 257 257 129 129 1 1365 1365 1589 
1589 1589 1365 1365 1 129 129 257 257 257 129 129 1 1365 1365 1589 
1589 1589 1365 1365 1 129 129 257 257 257 129 129 1 1365 1365 1589 
1589 1589 1365 1365 1 129 129 257 257 257 129 129 1 1365 1365 1589 
1589 1589 1365 1365 1 129 129 257 257 257 129 129 1 1365 1365 1589 
1589 1589 1365 1365 1 129 129 257 257 257 129 129 1 1365 1365 1589 
1589 1589 1365 1365 1 129 129 257 257 257 129 129 1 1365 1365 1589 
1589 1589 1365 1365 1 129 129 257 257 257 129 129 1 1365 1365 1589 
1589 1589 1365 1365 1 129 129 257 257 257 129 129 1 1365 1365 1589 
1589 1589 1365 1365 1 129 129 257 257 257 129 129 1 1365 1365 1589 
1589 1589 1365 1365 1 129 129 257 257 257 129 129 1 1365 1365 1589 
1589 1589 1365 1365 1 129 129 257 257 257 129 129 1 1365 1365 1589 
1589 1589 1365 1365 1 129 129 257 257 257 129 129 1 1365 1365 1589 
1589 1589 1365 1365 1 129 129 257 257 257 129 129 1 1365 1365 1589 
1589 1589 1365 1365 1 129 129 257 257 257 129 129 1 1365 1365 1589 
1589 1589 1365 1365 1 129 129 257 257 257 129 129 1 1365 1365 1589 
1589 1589 1365 1365 1 129 129 257 257 257 129 129 1 1365 1365 1589 
1589 1589 1365 1365 1 129 129 257 257 257 129 129 1 1365 1365 1589 
1589 1589 1365 1365 1 129 129 257 257 257 129 129 1 1365 1365 1589 
1589 1589 1365 1365 1 129 129 257 257 257 129 129 1 1365 1365 1589 
1589 1589 1365 1365 1 129 129 257 257 257 129 129 1 1365 1365 1589 
1589 1589 1365 1365 1 129 129 257 257 257 129 129 1 1365 1365 1589 
1589 1589 1365 1365 1 129 129 257 257 257 129 129 1 1365 1365 1589 
1589 1589 1365 1365 1 129 129 257 257 257 129 129 1 1365 1365 1589 
1589 1589 1365 1365 1 129 129 257 257 257 129 129 1 1365 1365 1589 
1589 1589 1365 1365 1 129 129 257 257 257 129 129 1 1365 1365 1589 
1589 1589 1365 1365 1 129 129 257 257 257 129 129 1 1365 1365 1589 
1589 1589 1365 1365 1 129 129 257 257 257 129 129 1 1365 1365 1589 
1589 1589 1365 1365 1 129 129 257 257 257 129 129 1 1365 1365 1589 
1589 1589 1365 1365 1 129 129 257 257 257 129 129 1 1365 1365 1589 
1589 1589 1365 1365 1 129 129 257 257 257 129 129 1 1365 1365 1589 
1589 1589 1365 1365 1 129 129 257 257 257 129 129 1 1365 1365 1589 
1589 1589 1365 1365 1 129 129 257 257 257 129 129 1 1365 1365 1589 
1589 1589 1365 1365 1 129 129 257 257 257 129 129 1 1365 1365 1589 
1589 1589 1365 1365 1 129 129 257 257 257 129 129 1 1365 1365 1589 
1589 1589 1365 1365 1 129 129 257 257 257 129 129 1 1365 1365 1589 
1589 1589 1365 1365 1 129 129 257 257 257 129 129 1 1365 1365 1589 
1589 1589 1365 1365 1 129 129 257 257 257 129 129 1 1365 1365 1589 
1589 1589 1365 1365 1 129 129 257 257 257 129 129 1 1365 1365 1589 
1589 1589 1365 1365 1 129 129 257 257 257 129 129 1 1365 1365 1589 
1589 1589 1365 1365 1 129 129 257 257 257 129 129 1 1365 1365 1589 
1589 1589 1365 1365 1 129 129 257 257 257 129 129 1 1365 1365 1589 
1589 1589 1365 1365 1 129 129 257 257 257 129 129 1 1365 1365 1589 
1589 1589 1365 1365 1 129 129 257 257 257 129 129 1 1365 1365 1589 
1589 1589 1365 1365 1 129 129 257 257 257 129 129 1 1365 1365 1589 
1589 1589 1365 1365 1 129 129 257 257 257 129 129 1 1365 1365 1589 
1589 1589 1365 1365 1 129 129 257 257 257 129 129 1 1365 1365 1589 
1589 1589 1365 1365 1 129 129 257 257 257 129 129 1 1365 1365 1589 
1589 1589 1365 1365 1 129 129 257 257 257 129 129 1 1365 1365 1589 
1589 1589 1365 1365 1 129 129 257 257 257 129 129 1 1365 1365 1589 
1589 1589 1365 1365 1 129 129 257 257 257 129 129 1 1365 1365 1589 
1589 1589 1365 1365 1 129 129 257 257 257 129 129 1 1365 1365 1589 
1589 1589 1365 1365 1 129 129 257 257 257 129 129 1 1365 1365 1589 
