1611
1611
1611
1611
1611
1611
1611
1611
1611
1611
1611
1611
1611
1611
1611
1611
1611
1611
1611
1611
1611
1611
1611
1611
1611
1611
1611
1611
1611
1611
1611
1611
1611
1611
1611
1611
1611
1611
1611
1611
1611
1611
1611
1611
1611
1611
1611
1611
1611
1611
1611
1611
1611
1611
1611
1611
1611
1611
1611
1611
1611
1611
1611
1611
1611
1611
1611
1611
1611
1611
1611
1611
1611
1611
1611
1611
1611
1611
1611
1611
1611
1611
1611
1611
1611
1611
1611
1611
1611
1611
1611
1611
1611
1611
1611
1611
1611
1611
1611
1611
1611
1611
1611
1611
1611
1611
1611
1611
1611
1611
1611
1611
1611
1611
1611
1611
1611
1611
1611
1611
1611
1611
1611
1611
1611
1611
1611
1611
1611
1611
1611
1611
1611
1611
1611
1611
1611
1611
1611
1611
1611
1611
1611
1611
1611
1611
1611
1611
1611
1611
1611
1611
1611
1611
1611
1611
1611
1611
1611
1611
1611
1611
1611
1611
1611
1611
1611
1611
1611
1611
1611
1611
1611
1611
1611
1611
1611
1611
1611
1611
1611
1611
1611
1611
1611
1611
1611
1611
1611
1611
1611
1611
1611
1611
1611
1611
1611
1611
1611
1611
1611
1611
1611
1611
1611
1611
1611
1611
1611
1611
1611
1611
1611
1611
1611
1611
1611
1611
1611
1611
1611
1611
1611
1611
1611
1611
1611
1611
1611
1611
1611
1611
1611
1611
1611
1611
1611
1611
1611
1611
1611
1611
1611
1611
1611
1611
1611
1611
1611
1611
1611
1611
1611
1611
1611
1611
1611
1611
1611
1611
1611
1611
1611
1611
1611
1611
1611
1611
1611
1611
1611
1611
1611
1611
1611
1611
1611
1611
1611
1577
1597
1606
1617
1594
1588
1606
1612
1630
1604
1582
1510
1526
1529
1496
1470
1444
1415
1414
1398
1358
1344
1355
1336
1307
1311
1320
1342
1342
1344
1334
1380
1369
1417
1393
1390
1420
1434
1461
1476
1446
1485
1484
1505
1492
1485
1514
1572
1582
1545
1572
1588
1584
1557
1588
1574
1581
1573
1581
1593
1611
1611
1611
1611
1611
1611
1611
1611
1611
1611
1611
1611
1611
1611
1611
1611
1611
1611
1611
1611
1611
1611
1611
1611
1611
1611
1611
1611
1611
1611
1611
1611
1611
1611
1611
1611
1611
1611
1611
1611
1611
1611
1611
1611
1611
1611
1611
1611
1611
1611
1611
1611
1611
1611
1611
1611
1611
1611
1611
1611
1611
1611
1611
1611
1611
1611
1611
1611
1611
1611
1611
1611
1611
1611
1611
1611
1611
1611
1611
1611
1611
1611
1611
1611
1611
1611
1611
1611
1611
1611
1597
1604
1617
1584
1538
1568
1580
1582
1558
1545
1597
1580
1590
1558
1604
1564
1569
1593
1596
1542
1555
1564
1598
1560
1608
1622
1612
1612
1590
1550
1548
1603
1588
1590
1584
1593
1594
1593
1646
1614
1582
1590
1585
1605
1586
1590
1590
1588
1574
1573
1606
1655
1602
1643
1671
1611
1604
1606
1624
1611
1595
1640
1616
1590
1598
1607
1639
1604
1597
1622
1580
1646
1598
1652
1593
1582
1593
1625
1642
1618
1617
1606
1609

