2263
2263
2103
2583
1723
2663
2463
2103
1823
2603
2623
1783
2203
1663
1463
2623
2583
1783
1563
1743
2143
2943
2103
1883
1543
2103
1663
1623
2423
1943
2123
2103
2263
1143
1563
1483
2103
1063
1023
1183
823
1563
1663
1723
663
1163
1303
763
1183
1383
983
2043
1343
1543
1543
1303
1663
523
1743
1183
1023
1583
1083
1463
2463
1863
2743
1823
1803
2043
1643
2343
2443
1943
1163
2743
2103
2123
1563
1383
2143
1823
1883
1463
2463
1463
1483
1163
2203
1483
1643
2143
2383
1963
1343
1583
1463
1023
1483
1183
763
923
1623
863
1403
1343
623
1143
1503
1783
123
1303
2103
1383
1103
1783
1543
1463
1423
1463
1483
1983
1503
863
943
1803
1883
1303
1403
1563
1463
1543
1323
543
1503
1003
663
1063
1883
1643
1783
1803
1783
983
863
1303
1423
1983
1163
1143
1823
1143
1783
1663
1723
1643
1503
1503
1823
1403
763
743
1483
1983
1383
1983
1343
1503
1243
1783
823
1663
1003
1143
1743
1823
943
1403
1303
1823
1503
1723
2303
1163
1783
1663
1943
843
923
1243
983
1083
1803
1823
2023
2183
1403
1823
1803
1903
1963
1803
1823
1663
1143
1463
2263
1463
1143
1463
1183
1863
1963
1663
1823
1323
2123
2043
1803
1483
1783
1483
2143
1663
1223
823
1783
1403
923
1463
1243
1623
1983
983
1503
703
1883
1823
1723
1003
1563
1543
1383
1903
2043
1783
1643
1163
1983
2103
1783
1823
1963
1963
1563
1263
1463
1663
1663
2143
2283
1943
1623
1723
1563
2123
943
2063
2523
2103
1943
2263
1023
1303
1883
623
863
1543
1863
1803
1783
1623
2683
1703
1183
2103
2123
2363
1223
1943
1783
1663
1943
1303
1403
1663
1383
1163
983
1183
1963
1623
1083
1083
2183
1343
2743
1883
1743
1303
1743
1943
1543
2043
1983
1583
1943
1643
1883
1303
1703
2423
1423
1743
1143
1143
2743
1583
1243
1803
1963
1783
1243
2043
2103
1663
1223
1223
2523
863
1503
2263
1303
1483
1463
1483
1783
1183
1503
823
1343
1343
1503
1183
2203
1903
1623
1703
1463
2043
1143
1003
2143
923
1803
1023
1163
2263
1863
923
1323
1503
1723
1263
1143
1503
1623
1983
1463
1023
900
800
700
600
500
400
300
200
100
0
0
0
0
0
0
0
0
0
0
0
0
0
0
0
0
0
0
0
0
0
0
0
0
0
0
0
0
0
0
0
0
0
0
0
823
1023
283
823
1143
1063
523
1143
863
1003
843
1003
1243
1323
1463
1723
1063
143
743
983
1023
543
283
1323
983
1183
543
1463
663
763
1243
1303
223
483
663
1343
583
1543
1823
1623
1623
1183
383
343
1443
1143
1183
1063
1243
1263
1243
2303
1663
1023
1183
1083
1483
1103
1183
1183
1143
863
843
1503
2483
1423
2243
2803
1603
1463
1503
1863
1603
1283
2183
1703
1183
1343
1523
2163
1463
1323
1823
983
2303
1343
2423
1243

