27 23 26 27 47 21 28 22 43 22 21 43 37 23 21 22 22 22 29 31 21 46 4 27 33 39 41 82 
35 25 21 24 26 24 21 26 24 22 22 24 27 37 42 21 24 22 51 27 21 46 23 21 43 21 26 35 27 22 21 6 38 53 71 83 
30 27 21 25 21 23 37 26 26 28 34 21 24 27 36 32 33 25 21 27 21 36 21 28 51 16 17 20 31 39 88 
33 22 29 21 21 25 21 36 22 21 22 22 26 32 21 50 23 25 23 37 21 28 24 32 21 33 21 25 23 32 21 24 23 21 
34 23 21 21 22 31 21 31 23 24 27 21 48 21 52 21 22 36 48 23 23 24 31 21 33 24 46 21 35 28 21 23 35 85 90 
28 23 33 24 29 26 22 23 21 25 21 51 22 22 21 21 45 24 23 46 21 49 22 25 49 25 22 22 73 
41 30 28 21 25 22 29 21 21 21 24 22 21 22 23 34 28 21 22 31 24 45 24 26 24 27 23 26 22 22 25 21 22 32 21 48 22 0 38 54 59 71 
30 22 23 22 24 44 21 21 21 21 21 23 21 28 22 22 22 42 22 24 22 29 23 22 11 27 45 45 76 82 98 
32 22 22 29 24 24 32 26 27 22 21 21 21 22 25 21 23 23 36 36 42 33 26 21 21 22 25 22 25 57 83 88 90 
34 22 28 21 21 44 21 28 21 31 23 21 28 23 31 27 25 22 30 22 45 23 27 37 24 23 21 23 53 21 21 24 1 17 78 
31 22 21 21 23 22 25 21 21 22 24 24 51 31 21 23 21 22 23 21 21 26 23 21 21 50 26 21 42 10 13 39 
26 21 23 40 23 47 33 21 24 23 23 21 24 22 26 21 22 27 25 27 21 22 45 22 21 25 97 
33 27 23 24 21 21 32 35 27 48 22 23 48 23 22 23 22 21 27 22 21 21 21 37 21 21 21 22 29 25 24 22 22 69 
40 26 27 29 21 21 27 22 29 21 21 28 22 25 51 30 22 21 21 24 25 21 21 25 30 25 21 48 21 24 22 21 24 21 0 3 7 40 55 80 87 
31 21 23 22 34 41 51 21 21 21 24 23 24 22 21 43 38 33 48 24 22 21 35 23 21 21 24 21 34 33 10 25 
36 24 21 31 50 25 21 22 22 22 21 21 24 23 42 21 29 21 22 23 22 46 21 31 36 21 26 22 25 21 20 22 24 32 63 71 82 
40 36 21 23 23 44 48 23 21 30 25 21 21 21 21 32 21 21 22 22 22 21 21 22 23 27 21 37 37 21 31 21 26 26 27 25 9 54 74 77 82 
33 44 48 25 22 21 22 53 27 48 22 27 21 21 24 21 24 26 25 21 37 21 21 30 21 25 21 27 36 39 65 75 76 89 
51 22 22 23 30 21 26 22 21 24 45 23 28 24 36 20 38 27 23 21 22 24 23 23 21 26 27 22 51 23 27 25 29 21 21 21 26 43 22 22 21 49 21 28 3 24 26 49 54 63 66 84 
40 36 25 24 22 21 21 21 24 21 23 21 32 21 24 30 23 21 21 26 22 23 21 30 21 25 32 22 21 22 31 21 25 35 1 3 51 54 65 86 98 
