27 82 47 46 43 43 41 39 37 33 31 29 28 27 27 26 23 23 22 22 22 22 22 21 21 21 21 4
35 83 71 53 51 46 43 42 38 37 35 27 27 27 26 26 26 25 24 24 24 24 24 23 22 22 22 22 21 21 21 21 21 21 21 6
30 88 51 39 37 36 36 34 33 32 31 28 28 27 27 27 26 26 25 25 24 23 21 21 21 21 21 21 20 17 16
33 50 37 36 33 32 32 32 29 28 26 25 25 25 24 24 23 23 23 23 22 22 22 22 21 21 21 21 21 21 21 21 21 21
34 90 85 52 48 48 46 36 35 35 33 31 31 31 28 27 24 24 24 23 23 23 23 23 22 22 21 21 21 21 21 21 21 21 21
28 73 51 49 49 46 45 33 29 26 25 25 25 24 24 23 23 23 22 22 22 22 22 22 21 21 21 21 21
41 71 59 54 48 45 38 34 32 31 30 29 28 28 27 26 26 25 25 24 24 24 24 23 23 22 22 22 22 22 22 22 22 21 21 21 21 21 21 21 21 0
30 98 82 76 45 45 44 42 29 28 27 24 24 23 23 23 22 22 22 22 22 22 22 22 21 21 21 21 21 21 11
32 90 88 83 57 42 36 36 33 32 29 27 26 26 25 25 25 24 24 23 23 22 22 22 22 22 22 21 21 21 21 21 21
34 78 53 45 44 37 31 31 30 28 28 28 27 27 25 24 24 23 23 23 23 23 22 22 22 21 21 21 21 21 21 21 21 17 1
31 51 50 42 39 31 26 26 25 24 24 23 23 23 23 22 22 22 22 21 21 21 21 21 21 21 21 21 21 21 13 10
26 97 47 45 40 33 27 27 26 25 25 24 24 23 23 23 23 22 22 22 22 21 21 21 21 21 21
33 69 48 48 37 35 32 29 27 27 27 25 24 24 23 23 23 23 22 22 22 22 22 22 22 21 21 21 21 21 21 21 21 21
40 87 80 55 51 48 40 30 30 29 29 28 27 27 26 25 25 25 25 24 24 24 22 22 22 22 21 21 21 21 21 21 21 21 21 21 21 21 7 3 0
31 51 48 43 41 38 35 34 34 33 33 25 24 24 24 24 23 23 23 22 22 22 21 21 21 21 21 21 21 21 21 10
36 82 71 63 50 46 42 36 32 31 31 29 26 25 25 24 24 24 23 23 22 22 22 22 22 22 22 21 21 21 21 21 21 21 21 21 20
40 82 77 74 54 48 44 37 37 36 32 31 30 27 27 26 26 25 25 23 23 23 23 22 22 22 22 21 21 21 21 21 21 21 21 21 21 21 21 21 9
33 89 76 75 65 53 48 48 44 39 37 36 30 27 27 27 26 25 25 25 24 24 22 22 22 21 21 21 21 21 21 21 21 21
51 84 66 63 54 51 49 49 45 43 38 36 30 29 28 28 27 27 27 26 26 26 26 25 24 24 24 24 23 23 23 23 23 23 22 22 22 22 22 22 22 21 21 21 21 21 21 21 21 21 20 3
40 98 86 65 54 51 36 35 32 32 31 30 30 26 25 25 25 24 24 24 23 23 23 22 22 22 22 21 21 21 21 21 21 21 21 21 21 21 21 3 1
