16 9.26223e-05
17 0.00173845
18 0.00163158
19 0.00198069
20 0.00170995
21 0.0153895
22 0.263817
23 0.0605892
24 0.101984
25 0.0916818
26 0.0799188
27 0.0737273
28 0.0609383
29 0.0481351
30 0.0279577
31 0.0228207
32 0.0211108
33 0.0185886
34 0.0129742
35 0.00334865
36 0.000562858
37 0.000869224
38 0.00525097
39 0.00768052
40 0.00683267
41 0.00602757
42 0.00690392
43 0.00869224
44 0.00895586
45 0.00864237
46 0.00830751
47 0.00728866
48 0.00623419
49 0.004396
50 0.00161733
51 0.000641231
52 0.000491611
53 0.00032774
54 9.97471e-05
55 2.13744e-05
56 2.13744e-05
