20 0.00216544
21 0.264993
22 0.156863
23 0.10201
24 0.0820595
25 0.0641893
26 0.0512464
27 0.0349452
28 0.0224496
29 0.0225206
30 0.0196452
31 0.0182607
32 0.0168123
33 0.012666
34 0.00851266
35 0.00830677
36 0.0100888
37 0.00909485
38 0.00457937
39 0.000596383
40 0.000560884
41 0.00236423
42 0.00643242
43 0.00847006
44 0.00886765
45 0.00932914
46 0.00907355
47 0.00914454
48 0.00869016
49 0.00756839
50 0.00670221
51 0.00519706
52 0.00310261
53 0.00148386
54 0.000333691
55 0.000234293
56 0.000177495
57 0.000170395
58 2.12994e-05
59 7.0998e-06
60 7.0998e-06
61 7.0998e-06
62 7.0998e-06
74 7.0998e-06
76 1.41996e-05
78 7.0998e-06
79 7.0998e-06
80 7.0998e-06
