11 0.00358571
12 0.00584977
13 0.00568887
14 0.00480394
15 0.00257436
16 0.00196525
17 0.00114927
18 0.000942399
19 0.000643589
20 0.000356273
21 0.000574633
22 0.000448214
23 0.000310302
24 0.00491886
25 0.176872
26 0.172769
27 0.0892865
28 0.0569002
29 0.050924
30 0.0546132
31 0.0377304
32 0.0340528
33 0.0379488
34 0.0217441
35 0.02664
36 0.0240771
37 0.0188135
38 0.0195605
39 0.0332138
40 0.0287317
41 0.0172045
42 0.00671172
43 0.00734381
44 0.00891831
45 0.00826323
46 0.0075277
47 0.00664276
48 0.00111479
49 0.00034478
50 0.000310302
51 0.000321795
52 0.00103434
53 0.00815979
54 0.00757367
55 0.000838965
