0 0.000000 
2 0.000000 
4 0.000000 
6 0.000000 
8 0.000000 
10 0.003586 
12 0.011539 
14 0.007378 
16 0.003115 
18 0.001586 
20 0.000931 
22 0.000759 
24 0.181791 
26 0.262055 
28 0.107824 
30 0.092344 
32 0.072002 
34 0.048384 
36 0.042891 
38 0.052774 
40 0.045936 
42 0.014056 
44 0.017182 
46 0.014170 
48 0.001460 
50 0.000632 
52 0.009194 
54 0.008413 
56 0.000000 
58 0.000000 
60 0.000000 
62 0.000000 
64 0.000000 
66 0.000000 
68 0.000000 
70 0.000000 
72 0.000000 
74 0.000000 
76 0.000000 
78 0.000000 
80 0.000000 
82 0.000000 
84 0.000000 
86 0.000000 
88 0.000000 
90 0.000000 
92 0.000000 
94 0.000000 
96 0.000000 
98 0.000000 
100 0.000000 
102 0.000000 
104 0.000000 
106 0.000000 
108 0.000000 
110 0.000000 
112 0.000000 
114 0.000000 
116 0.000000 
118 0.000000 
120 0.000000 
122 0.000000 
124 0.000000 
126 0.000000 
128 0.000000 
130 0.000000 
132 0.000000 
134 0.000000 
136 0.000000 
138 0.000000 
140 0.000000 
142 0.000000 
144 0.000000 
146 0.000000 
148 0.000000 
150 0.000000 
152 0.000000 
154 0.000000 
156 0.000000 
158 0.000000 
160 0.000000 
162 0.000000 
164 0.000000 
166 0.000000 
168 0.000000 
170 0.000000 
172 0.000000 
174 0.000000 
176 0.000000 
178 0.000000 
180 0.000000 
182 0.000000 
184 0.000000 
186 0.000000 
188 0.000000 
190 0.000000 
192 0.000000 
194 0.000000 
196 0.000000 
198 0.000000 
