5 0.00163163
6 0.596979
7 0.230647
8 0.0643047
9 0.0491352
10 0.0225631
11 0.00487623
12 0.000205119
13 0.00026106
14 9.32357e-05
15 0.000102559
16 3.72943e-05
17 0.000102559
18 6.5265e-05
19 6.5265e-05
20 8.39122e-05
21 1.86471e-05
22 9.32357e-06
23 1.86471e-05
24 2.79707e-05
25 2.79707e-05
26 1.86471e-05
27 9.32357e-06
28 2.79707e-05
29 0.000550091
30 0.00133327
31 0.00156636
32 0.00101627
33 0.00159433
34 0.00158501
35 0.00153839
36 0.00133327
37 0.00115612
38 0.00132395
39 0.00136124
40 0.00138921
41 0.000839122
42 0.000951005
43 0.000615356
44 0.000699268
45 0.00110018
46 0.00156636
47 0.00223766
48 0.00117477
49 0.000400914
50 0.000307678
51 0.000932357
52 0.00168757
53 0.000270384
54 0.000121206
55 3.72943e-05
