14 8.79916e-05
15 0.00201581
16 0.00187182
17 0.00197581
18 0.0020318
19 0.00177583
20 0.000991905
21 0.000655937
22 0.100558
23 0.142146
24 0.125132
25 0.104894
26 0.0929271
27 0.0503152
28 0.0238377
29 0.0302771
30 0.0395962
31 0.0454916
32 0.0401401
33 0.0240937
34 0.0193501
35 0.0170544
36 0.0161185
37 0.0152225
38 0.0134227
39 0.00919112
40 0.00122388
41 0.00031197
42 0.000239977
43 0.000551947
44 0.0030957
45 0.00636739
46 0.00820721
47 0.00850318
48 0.00864717
49 0.00785525
50 0.00775926
51 0.00765527
52 0.00700733
53 0.00571145
54 0.00386363
55 0.00169584
56 0.000127988
