0 0.000000 
2 0.000000 
4 0.000000 
6 0.000000 
8 0.000000 
10 0.000000 
12 0.000000 
14 0.000000 
16 0.000000 
18 0.000000 
20 0.267158 
22 0.258873 
24 0.146249 
26 0.086192 
28 0.044970 
30 0.037906 
32 0.029478 
34 0.016819 
36 0.019184 
38 0.005176 
40 0.002925 
42 0.014902 
44 0.018197 
46 0.018218 
48 0.016259 
50 0.011899 
52 0.004586 
54 0.000568 
56 0.000348 
58 0.000028 
60 0.000014 
62 0.000007 
64 0.000000 
66 0.000000 
68 0.000000 
70 0.000000 
72 0.000000 
74 0.000007 
76 0.000014 
78 0.000014 
80 0.000007 
82 0.000000 
84 0.000000 
86 0.000000 
88 0.000000 
90 0.000000 
92 0.000000 
94 0.000000 
96 0.000000 
98 0.000000 
100 0.000000 
102 0.000000 
104 0.000000 
106 0.000000 
108 0.000000 
110 0.000000 
112 0.000000 
114 0.000000 
116 0.000000 
118 0.000000 
120 0.000000 
122 0.000000 
124 0.000000 
126 0.000000 
128 0.000000 
130 0.000000 
132 0.000000 
134 0.000000 
136 0.000000 
138 0.000000 
140 0.000000 
142 0.000000 
144 0.000000 
146 0.000000 
148 0.000000 
150 0.000000 
152 0.000000 
154 0.000000 
156 0.000000 
158 0.000000 
160 0.000000 
162 0.000000 
164 0.000000 
166 0.000000 
168 0.000000 
170 0.000000 
172 0.000000 
174 0.000000 
176 0.000000 
178 0.000000 
180 0.000000 
182 0.000000 
184 0.000000 
186 0.000000 
188 0.000000 
190 0.000000 
192 0.000000 
194 0.000000 
196 0.000000 
198 0.000000 
