6 6.62632e-05
7 0.289504
8 0.324358
9 0.145415
10 0.0797698
11 0.0491673
12 0.0250364
13 0.019879
14 0.0149865
15 0.00894553
16 0.00456112
17 0.000927685
18 6.62632e-05
19 4.41755e-05
20 6.62632e-05
21 3.31316e-05
22 3.31316e-05
23 7.73071e-05
24 7.73071e-05
25 7.73071e-05
26 1.10439e-05
27 0.000187746
28 0.00164554
29 0.00156823
30 0.00154614
31 0.00147988
32 0.00191059
33 0.00177806
34 0.00124796
35 0.00175597
36 0.00162345
37 0.00154614
38 0.00196581
39 0.00173389
40 0.00119274
41 0.000927685
42 0.000861422
43 0.000839334
44 0.00144675
45 0.00177806
46 0.000773071
47 0.00339047
48 0.00276097
49 0.000739939
50 0.000397579
51 0.000364448
52 0.000662632
53 0.000640544
54 0.000132526
