10 8.90464e-06
12 7.12371e-05
13 0.00315224
14 0.00330362
15 0.00347281
16 0.0032591
17 0.00218164
18 0.00124665
19 0.000899369
20 0.00049866
21 0.000623325
22 0.000320567
23 0.119349
24 0.177585
25 0.140204
26 0.0893046
27 0.0398572
28 0.0420388
29 0.0552266
30 0.0508277
31 0.0375152
32 0.0227781
33 0.0220746
34 0.0235439
35 0.0152091
36 0.0108102
37 0.0120836
38 0.0144968
39 0.0148173
40 0.0138022
41 0.0116473
42 0.00914507
43 0.00512017
44 0.000427423
45 0.000258235
46 0.000293853
47 0.000302758
48 0.00308101
49 0.00861079
50 0.00891354
51 0.00924302
52 0.0094122
53 0.00842379
54 0.00430985
55 0.00024933
