18 8.45132e-05
19 0.00107614
20 0.00111557
21 0.169314
22 0.227701
23 0.126094
24 0.088722
25 0.0395747
26 0.0214889
27 0.0346899
28 0.033101
29 0.0191676
30 0.0198775
31 0.019393
32 0.0186887
33 0.0168294
34 0.01759
35 0.013539
36 0.00994439
37 0.00709911
38 0.00651315
39 0.00827103
40 0.00922321
41 0.00934716
42 0.0084964
43 0.00567365
44 0.00272133
45 0.00271569
46 0.00546519
47 0.007871
48 0.00869359
49 0.00880064
50 0.00809637
51 0.00710475
52 0.00535814
53 0.00410171
54 0.0029805
55 0.00210156
56 0.00120009
57 0.000174661
