4 0.00142158
5 0.881203
6 0.0575118
7 0.0210224
8 0.0110516
9 0.00339345
10 0.000877842
11 0.000235838
12 7.20617e-05
13 1.96532e-05
15 6.55106e-06
16 6.55106e-06
17 6.55106e-06
19 6.55106e-06
24 6.55106e-06
27 6.55106e-06
28 6.55106e-06
30 3.93064e-05
31 0.000412717
32 0.000792679
33 0.000910598
34 0.00111368
35 0.00108093
36 0.000976108
37 0.000877842
38 0.000943353
39 0.00129056
40 0.00150674
41 0.00129711
42 0.0027973
43 0.00149364
44 0.00108093
45 0.00207014
46 0.000851638
47 0.000445472
48 0.000884393
49 0.000596147
50 0.000340655
51 0.00043237
52 0.0003079
53 0.000163777
54 0.000196532
55 0.000235838
56 6.55106e-06
