0 0.000000 
2 0.000000 
4 0.000000 
6 0.000000 
8 0.002057 
10 0.018235 
12 0.010815 
14 0.003319 
16 0.001464 
18 0.001085 
20 0.014689 
22 0.024179 
24 0.021970 
26 0.025718 
28 0.208220 
30 0.152001 
32 0.092450 
34 0.102280 
36 0.049228 
38 0.064044 
40 0.063375 
42 0.008884 
44 0.043941 
46 0.031220 
48 0.000808 
50 0.023333 
52 0.036028 
54 0.000656 
56 0.000000 
58 0.000000 
60 0.000000 
62 0.000000 
64 0.000000 
66 0.000000 
68 0.000000 
70 0.000000 
72 0.000000 
74 0.000000 
76 0.000000 
78 0.000000 
80 0.000000 
82 0.000000 
84 0.000000 
86 0.000000 
88 0.000000 
90 0.000000 
92 0.000000 
94 0.000000 
96 0.000000 
98 0.000000 
100 0.000000 
102 0.000000 
104 0.000000 
106 0.000000 
108 0.000000 
110 0.000000 
112 0.000000 
114 0.000000 
116 0.000000 
118 0.000000 
120 0.000000 
122 0.000000 
124 0.000000 
126 0.000000 
128 0.000000 
130 0.000000 
132 0.000000 
134 0.000000 
136 0.000000 
138 0.000000 
140 0.000000 
142 0.000000 
144 0.000000 
146 0.000000 
148 0.000000 
150 0.000000 
152 0.000000 
154 0.000000 
156 0.000000 
158 0.000000 
160 0.000000 
162 0.000000 
164 0.000000 
166 0.000000 
168 0.000000 
170 0.000000 
172 0.000000 
174 0.000000 
176 0.000000 
178 0.000000 
180 0.000000 
182 0.000000 
184 0.000000 
186 0.000000 
188 0.000000 
190 0.000000 
192 0.000000 
194 0.000000 
196 0.000000 
198 0.000000 
