9 0.00205696
10 0.00893454
11 0.00930051
12 0.00744545
13 0.00336938
14 0.00186767
15 0.00145123
16 0.000870739
17 0.000593112
18 0.000466918
19 0.000618351
20 0.00398773
21 0.0107013
22 0.0125311
23 0.0116477
24 0.0101208
25 0.0118496
26 0.0141464
27 0.011572
28 0.0675391
29 0.140681
30 0.0787073
31 0.0732935
32 0.0553992
33 0.0370506
34 0.0506038
35 0.0516765
36 0.0299206
37 0.0193077
38 0.0247719
39 0.0392716
40 0.0438272
41 0.0195475
42 0.00325581
43 0.00562826
44 0.0133387
45 0.0306021
46 0.0274977
47 0.00372273
48 0.000593112
49 0.00021453
50 0.00152695
51 0.0218063
52 0.0261979
53 0.00983052
54 0.000630971
55 2.52388e-05
