6 9.72782e-06
7 4.86391e-05
8 0.00857021
9 0.0226172
10 0.302107
11 0.0693107
12 0.0267029
13 0.0192319
14 0.021158
15 0.0181229
16 0.0155645
17 0.0146598
18 0.0135508
19 0.00883286
20 0.00136189
21 0.000564213
22 0.000204284
23 0.000107006
24 7.78225e-05
25 9.72782e-06
26 0.00093387
27 0.00325882
28 0.00298644
29 0.00286971
30 0.0021693
31 0.00255842
32 0.00279188
33 0.00235413
34 0.0370435
35 0.103368
36 0.0673846
37 0.0463141
38 0.0163525
39 0.0431429
40 0.0342225
41 0.00566159
42 0.00540867
43 0.0254188
44 0.0176171
45 0.00250978
46 0.000466935
47 0.00417323
48 0.0120722
49 0.00285998
50 0.000515574
51 0.000262651
52 0.00263624
53 0.00882313
54 0.00101169
