4660 
0 
36800 
1837 
1862 
1876 
1878 
1834 
1770 
1734 
1736 
1740 
1776 
1760 
1749 
1760 
1750 
1757 
1780 
1808 
1856 
1851 
1846 
1842 
1810 
1842 
1808 
1836 
1830 
1838 
1828 
1820 
1843 
1811 
1819 
1760 
1774 
1786 
1756 
1760 
1784 
1777 
1770 
1760 
1788 
1818 
1736 
1765 
1813 
1764 
1770 
1696 
1700 
1720 
1690 
1713 
1734 
1690 
1742 
1712 
1698 
1716 
1705 
1746 
1717 
1714 
1674 
1846 
1786 
1889 
1870 
1781 
1701 
1678 
1672 
1676 
1668 
1746 
1716 
1693 
1698 
1706 
1678 
1775 
1758 
1790 
1744 
1774 
1734 
1784 
1750 
1759 
1774 
1776 
1764 
1740 
1747 
1764 
1715 
1742 
1724 
1738 
1728 
1774 
1777 
1786 
1769 
1726 
1752 
1714 
1753 
1736 
1750 
1753 
1734 
1696 
1742 
1710 
1742 
1734 
1710 
1728 
1738 
1734 
1711 
1720 
1751 
1744 
1755 
1720 
1731 
1820 
1794 
1848 
1810 
1793 
1777 
1698 
1705 
1718 
1726 
1737 
1713 
1748 
1722 
1709 
1698 
1736 
1774 
1761 
1712 
1732 
1732 
1720 
1770 
1729 
1752 
1753 
1726 
1737 
1745 
1728 
1758 
1737 
1734 
1753 
1772 
1748 
1742 
1725 
1738 
1754 
1746 
1709 
1773 
1736 
1712 
1726 
1754 
1722 
1726 
1728 
1770 
1761 
1717 
1721 
1746 
1672 
1752 
1729 
1726 
1721 
1705 
1709 
1722 
1844 
1841 
1816 
1849 
1798 
1741 
1696 
1758 
1709 
1685 
1734 
1725 
1758 
1744 
1786 
1744 
1738 
1752 
1744 
1738 
1749 
1741 
1746 
1746 
1720 
1750 
1754 
1725 
1776 
1744 
1742 
1714 
1740 
1762 
1754 
1746 
1760 
1756 
1745 
1750 
1752 
1768 
1754 
1749 
1753 
1760 
1762 
1794 
1736 
1726 
1734 
1738 
1750 
1770 
1744 
1774 
1773 
1768 
1746 
1754 
1730 
1757 
1757 
1744 
1886 
1852 
1878 
1890 
1800 
1786 
1720 
1790 
1720 
1776 
1788 
1741 
1765 
1728 
1785 
1792 
1752 
1741 
1726 
1754 
1730 
1750 
1797 
1786 
1768 
1782 
1777 
1729 
1768 
1769 
1768 
1773 
1786 
1768 
1760 
1725 
1790 
1778 
1740 
1762 
1769 
1785 
1754 
1741 
1784 
1776 
1744 
1776 
1730 
1740 
1769 
1746 
1770 
1753 
1726 
1742 
1770 
1785 
1742 
1745 
1720 
1729 
1770 
1766 
1870 
1866 
1833 
1845 
1792 
1746 
1708 
1754 
1729 
1738 
1742 
1741 
1733 
1712 
1766 
1737 
1754 
1752 
1745 
1697 
1774 
1740 
1729 
1730 
1742 
1754 
1738 
1738 
1734 
1753 
1769 
1750 
1748 
1746 
1792 
1710 
1777 
1768 
1728 
1760 
1769 
1761 
1736 
1746 
1749 
1781 
1768 
1734 
1742 
1712 
1720 
1774 
1717 
1712 
1766 
1728 
1725 
1725 
1712 
1750 
1733 
1746 
1734 
1730 
1874 
1882 
1874 
1861 
1808 
1768 
1734 
1738 
1714 
1761 
1761 
1732 
1746 
1770 
1738 
1744 
1780 
1744 
1780 
1762 
1729 
1732 
1680 
1718 
1784 
1752 
1768 
1746 
1721 
1721 
1754 
1765 
1744 
1773 
1758 
1738 
1762 
1769 
1737 
1730 
1736 
1733 
1730 
1733 
1728 
1720 
1712 
1752 
1746 
1708 
1722 
1730 
1702 
1733 
1752 
1732 
1734 
1750 
1737 
1749 
1770 
1753 
1746 
1720 
1836 
1848 
1882 
1870 
1780 
1776 
1744 
1718 
1716 
1768 
1748 
1760 
1730 
1757 
1754 
1736 
1742 
1806 
1756 
1778 
1761 
1794 
1766 
1788 
1784 
1808 
1762 
1760 
1789 
1744 
1738 
1744 
1767 
1771 
1752 
1761 
1781 
1755 
1729 
1753 
1767 
1756 
1728 
1792 
1765 
1764 
1739 
1777 
1761 
1757 
1729 
1756 
1728 
1751 
1757 
1715 
1729 
1697 
1731 
1788 
1745 
1724 
1780 
1769 
1922 
1916 
1874 
1876 
1828 
1802 
1776 
1781 
1760 
1770 
1770 
1769 
1800 
1777 
1753 
1768 
1846 
1796 
1847 
1819 
1802 
1816 
1826 
1808 
1862 
1848 
1838 
1815 
1800 
1795 
1868 
1840 
1782 
1741 
1782 
1758 
1810 
1789 
1768 
1810 
1794 
1796 
1805 
1784 
1781 
1792 
1769 
1794 
1768 
1738 
1685 
1722 
1725 
1729 
1765 
1706 
1706 
1752 
1757 
1730 
1725 
1721 
1710 
1726 
1848 
1841 
1836 
1837 
1757 
1754 
1744 
1733 
1728 
1734 
1734 
1738 
1758 
1717 
1728 
1750 
1804 
1792 
1823 
1783 
1794 
1792 
1768 
1770 
1803 
1796 
1803 
1740 
1830 
1800 
1799 
1759 
1780 
1802 
1761 
1774 
1798 
1768 
1774 
1782 
1754 
1822 
1789 
1764 
1790 
1738 
1794 
1800 
1778 
1752 
1784 
1727 
1743 
1752 
1819 
1792 
1766 
1752 
1752 
1728 
1734 
1723 
1752 
1720 
1878 
1840 
1836 
1818 
1737 
1736 
1712 
1749 
1729 
1736 
1717 
1770 
1754 
1728 
1733 
1720 
1785 
1765 
1770 
1776 
1756 
1784 
1764 
1736 
1758 
1754 
1762 
1780 
1762 
1782 
1760 
1744 
1706 
1737 
1742 
1778 
1732 
1729 
1745 
1744 
1749 
1773 
1754 
1728 
1741 
1760 
1760 
1738 
1745 
1737 
1752 
1754 
1754 
1757 
1770 
1772 
1768 
1748 
1744 
1768 
1741 
1760 
1734 
1740 
1858 
1837 
1865 
1868 
1765 
1768 
1760 
1752 
1760 
1752 
1741 
1746 
1745 
1728 
1722 
1746 
1717 
1766 
1776 
1694 
1706 
1758 
1738 
1748 
1762 
1736 
1717 
1760 
1770 
1745 
1721 
1770 
1745 
1773 
1754 
1770 
1770 
1762 
1760 
1764 
1773 
1826 
1762 
1769 
1768 
1733 
1782 
1706 
1757 
1770 
1784 
1772 
1762 
1776 
1770 
1730 
1794 
1753 
1760 
1774 
1758 
1766 
1765 
1737 
1841 
1880 
1881 
1874 
1760 
1762 
1786 
1802 
1748 
1754 
1737 
1722 
1761 
1765 
1760 
1764 
1770 
1770 
1741 
1757 
1786 
1800 
1762 
1750 
1806 
1738 
1757 
1764 
1774 
1764 
1786 
1761 
1768 
1749 
1784 
1758 
1794 
1754 
1768 
1746 
1765 
1777 
1786 
1712 
1797 
1746 
1793 
1720 
1777 
1736 
1772 
1750 
1756 
1754 
1801 
1754 
1756 
1728 
1776 
1762 
1766 
1760 
1754 
1726 
1901 
1853 
1865 
1866 
1786 
1754 
1769 
1760 
1778 
1749 
1781 
1757 
1762 
1776 
1749 
1718 
1753 
1784 
1794 
1741 
1772 
1774 
1800 
1769 
1824 
1768 
1754 
1745 
1756 
1777 
1754 
1792 
1773 
1778 
1752 
1742 
1773 
1778 
1768 
1813 
1762 
1770 
1784 
1789 
1742 
1750 
1761 
1774 
1798 
1784 
1802 
1778 
1748 
1777 
1786 
1782 
1785 
1786 
1784 
1780 
1778 
1784 
1749 
1777 
1896 
1877 
1878 
1822 
1765 
1790 
1776 
1772 
1809 
1752 
1736 
1737 
1776 
1768 
1760 
1754 
1778 
1778 
1754 
1756 
1750 
1782 
1760 
1786 
1770 
1750 
1746 
1757 
1761 
1770 
1752 
1790 
1776 
1768 
1706 
1776 
1792 
1734 
1726 
1762 
1754 
1766 
1752 
1749 
1729 
1733 
1732 
1766 
1776 
1749 
1777 
1756 
1756 
1772 
1769 
1738 
1728 
1753 
1741 
1786 
1742 
1768 
1745 
1728 
1842 
1894 
1864 
1901 
1812 
1752 
1776 
1766 
1781 
1750 
1796 
1776 
1776 
1778 
1785 
1817 
1777 
1786 
1825 
1817 
1761 
1790 
1810 
1772 
1794 
1832 
1810 
1761 
1769 
1800 
1806 
1772 
1780 
1801 
1797 
1813 
1804 
1801 
1793 
1797 
1793 
1777 
1807 
1784 
1764 
1793 
1801 
1777 
1785 
1745 
1801 
1801 
1751 
1777 
1780 
1779 
1811 
1827 
1801 
1776 
1749 
1777 
1776 
1727 
7 
2020 
0 
0 
0 
8128 
17185 
0 
0 
0 
0 
0 
0 
